[aboutme.jpg]
filters=PicnikGrain=1,10.000000,0;fill=1,0.336449;picnik=1;
moddate=00006e8d0fcd0000
width=1080
height=720
textactive=0
